# JD   5-sigma-depth
6.030326640982061508e+04 2.317093178614603488e+01
6.030828336399507680e+04 2.313012171912547643e+01
6.032633405251696968e+04 2.331339875586039767e+01
6.032635238986289187e+04 2.314394382280034534e+01
6.033119116921929526e+04 2.319601902154166595e+01
6.033933827029886743e+04 2.214542346305119835e+01
6.036624420143356838e+04 2.259252426484051313e+01
6.036923821448534727e+04 2.299333666870751003e+01
6.039115553581124550e+04 2.264294032710469651e+01
6.039402793892324553e+04 2.276450632880700908e+01
6.039402955168347398e+04 2.283816436812691109e+01
6.039599892210844700e+04 2.281931937744216299e+01
6.042009584427631489e+04 2.291312586497007686e+01
6.042009719581428362e+04 2.288815173028145011e+01
6.042108389604135300e+04 2.228423240907634550e+01
6.042211587628093548e+04 2.250846810941250808e+01
6.044804884207418218e+04 2.283024920863712026e+01
6.068135874148542644e+04 2.322750506306805818e+01
6.068136455958872102e+04 2.285756194833921739e+01
6.068136610531353654e+04 2.276078957445543693e+01
6.069234320580466738e+04 2.313171996000891184e+01
6.071511058238248370e+04 2.306379001622259750e+01
6.072028309081070620e+04 2.257194384018514555e+01
6.075127391154234647e+04 2.242278244249778396e+01
6.075505015760962851e+04 2.319476601224089407e+01
6.075505415194603847e+04 2.334931982027880082e+01
6.078012320417266164e+04 2.288214639975164033e+01
6.078014489142660022e+04 2.267423742168233858e+01
6.080707973180695262e+04 2.268606906906774867e+01
6.080802467508753762e+04 2.244314295359138711e+01
6.080803324197971961e+04 2.242128029395762212e+01
6.109508182559714623e+04 2.310957403882127892e+01
6.137232195784338546e+04 2.309210907908903820e+01
6.137232967252515664e+04 2.292824403610054773e+01
6.137233058563695522e+04 2.293017453822554330e+01
6.137233103350680176e+04 2.291470427175834601e+01
6.139624392040099337e+04 2.278131615672404209e+01
6.139927520720776374e+04 2.279115537604892694e+01
6.140235967548471672e+04 2.248890365524972168e+01
6.140236009215137892e+04 2.247240721390231499e+01
6.140236050881804113e+04 2.256302561942105100e+01
6.140236140837931453e+04 2.247988015905134418e+01
6.140435105434837169e+04 2.310357712514942818e+01
6.140435478394521488e+04 2.301689426712203357e+01
6.142032989057740633e+04 2.330629046564428464e+01
6.142036393479874096e+04 2.296482160565562225e+01
6.142334147766451497e+04 2.307579424529023981e+01
6.142533973304399115e+04 2.305354463981386104e+01
6.142832120011591905e+04 2.281988491633590499e+01
6.142832165686311782e+04 2.282901399893953354e+01
6.144911483501517068e+04 2.313362015800663585e+01
6.144911528480128618e+04 2.320326166676583668e+01
6.145027208548280760e+04 2.308036059682130414e+01
6.145027253431858117e+04 2.307125242994672831e+01
6.145325426447956852e+04 2.329859459275412803e+01
6.145624932449460903e+04 2.244052541763446129e+01
6.145724380213705444e+04 2.276148264441900437e+01
6.145725797559668717e+04 2.259025897105218306e+01
6.148000328746091691e+04 2.292620061067910342e+01
6.148522610556802829e+04 2.222073285827658040e+01
6.148699095057221712e+04 2.228804065961254821e+01
6.148816257155992935e+04 2.287320857009193986e+01
6.149319374141859589e+04 2.266719973019810297e+01
6.149319418922071782e+04 2.270186094159434376e+01
6.151311653347717220e+04 2.275777604249478614e+01
6.152403433714720450e+04 2.274301656220781709e+01
6.152414015719870076e+04 2.258543569639373416e+01
6.153905255830750684e+04 2.269725156934077503e+01
6.153905392874613608e+04 2.270465994360786866e+01
6.154106306451652927e+04 2.235811036293531373e+01
6.177935224778376141e+04 2.332242086568832207e+01
6.181308019851639983e+04 2.220496027695126529e+01
6.189403710729256272e+04 2.279420850407143462e+01
6.189503400649855757e+04 2.284594753546684132e+01
6.189503446748706483e+04 2.295692511622301168e+01
6.213424603573368950e+04 2.294098283980417818e+01
6.216136776251892297e+04 2.261143479477694740e+01
6.216136867952727334e+04 2.259919091170560534e+01
6.216237170815152058e+04 2.211557920014795897e+01
6.216628354868425959e+04 2.261060944111852322e+01
6.216730402418801532e+04 2.228885374446865342e+01
6.216934327078206115e+04 2.243758896659778657e+01
6.216934371955640381e+04 2.249504546432786967e+01
6.217027422202636080e+04 2.312399627105763500e+01
6.218803943014620745e+04 2.232445944079875488e+01
6.218821411575960519e+04 2.319210184170561462e+01
6.218821456780427252e+04 2.324250960650715569e+01
6.218925194633539650e+04 2.307837462859344413e+01
6.218932616827008314e+04 2.254480061330691854e+01
6.219024524941873824e+04 2.271442080610383130e+01
6.219128055694876093e+04 2.226593106683527878e+01
6.219824592706072144e+04 2.280598598853344683e+01
6.219905434197789873e+04 2.290048698434693719e+01
6.222119599073378777e+04 2.255856623744213252e+01
6.222119823942116636e+04 2.257126598094167846e+01
6.222522778962353914e+04 2.160775090789548614e+01
6.222523002897910919e+04 2.159560232343452313e+01
6.222703180797902314e+04 2.297850796644311444e+01
6.222813665318048879e+04 2.304327999341611388e+01
6.224907640930661728e+04 2.251796923320376820e+01
6.224909548559463292e+04 2.268779585430861090e+01
6.225213702943183307e+04 2.187004012343309967e+01
6.225519821798439807e+04 2.155213809485619336e+01
6.229200827273094183e+04 2.252317220059688907e+01
6.251636915667562425e+04 2.250979723792722353e+01
6.251637050504548097e+04 2.241003824785096654e+01
6.251835138034491683e+04 2.272986521956594430e+01
6.252536476557548303e+04 2.226902962279302756e+01
6.252635361014488444e+04 2.267734303783268501e+01
6.255122606953109062e+04 2.211669526809033925e+01
6.258500155561310385e+04 2.218085612196065171e+01
6.284926539642617718e+04 2.272274472650779842e+01
6.284928345328990690e+04 2.275847678479006575e+01
6.285426062983411975e+04 2.291284360865948244e+01
6.285427277166105341e+04 2.285620946692250754e+01
6.287136413030298718e+04 2.272897327690456137e+01
6.287733905036138458e+04 2.285177594773555398e+01
6.288036186527115933e+04 2.262971824846702873e+01
6.290016888937455224e+04 2.322974397046147033e+01
6.290328729969272536e+04 2.293446722955424377e+01
6.290709102129708481e+04 2.250124733435609059e+01
6.290928720540440554e+04 2.322099807570839758e+01
6.290933104833724065e+04 2.293532565788973443e+01
6.293520192246749502e+04 2.276340299243513954e+01
6.293520329829903494e+04 2.275947943766748338e+01
6.296019622588252969e+04 2.256395340867958055e+01
6.296313557127270906e+04 2.283333187731228264e+01
6.296318326836366032e+04 2.212679287567937081e+01
6.298505547240049054e+04 2.316260276540093699e+01
6.298509440050889680e+04 2.298474232314085341e+01
6.298514139799545228e+04 2.259348553906887602e+01
6.298612568207494041e+04 2.268278880678789022e+01
6.299002669305788004e+04 2.283395957966143897e+01
6.299602569426948321e+04 2.324802156573020895e+01
6.299604752079690661e+04 2.303702768367281806e+01
6.319730560702613730e+04 2.299070392647642080e+01
6.320528276058063057e+04 2.286477154293976355e+01
6.322025462175498978e+04 2.332878880169481306e+01
6.323021307980950223e+04 2.281207377905687750e+01
6.323334556043709017e+04 2.288105061722273348e+01
6.323526160736506426e+04 2.310952638303339768e+01
6.325617252101148188e+04 2.296944894139259929e+01
6.326028359456057660e+04 2.267109934708159358e+01
6.326334188425262982e+04 2.281730465204262970e+01
6.328308216587184143e+04 2.278689331334067347e+01
6.328310291399563721e+04 2.302184478536977608e+01
6.328324315254810062e+04 2.289412466908811439e+01
6.329025557608203235e+04 2.269853806336841728e+01
6.329326647023158148e+04 2.287853697961364929e+01
6.331299704529395967e+04 2.283751301320786808e+01
6.331815788397399592e+04 2.267162012152694928e+01
6.331815834171178722e+04 2.265881038197343145e+01
6.332417305704898172e+04 2.301163858110840721e+01
6.334704429778135818e+04 2.246327598598981012e+01
6.334910717829212808e+04 2.262809336624807344e+01
6.360721276742126065e+04 2.312923829919261465e+01
6.360721321645697753e+04 2.311989529962542278e+01
6.360819835838882136e+04 2.290718645110585072e+01
6.363617216637052479e+04 2.318744078829669775e+01
6.364427473112611915e+04 2.258567589712083645e+01
6.364427704319392797e+04 2.259472607367838037e+01
6.364609504995577299e+04 2.299898767723411908e+01
6.364609549818718369e+04 2.310753272393290203e+01
6.365001913344536297e+04 2.266952300477745297e+01
6.366322860109121393e+04 2.319858263156163503e+01
6.366722139077725296e+04 2.282610206643862583e+01
6.367121275713107025e+04 2.219008450795280396e+01
6.367514926225060481e+04 2.295487300002651310e+01
6.367515076274804596e+04 2.296939120956401581e+01
6.369711842546401022e+04 2.277444315929453822e+01
6.370010941012220428e+04 2.252995072628175777e+01
6.370011656431505980e+04 2.225089562555336187e+01
6.370011749523408071e+04 2.235056195704494897e+01
6.370014602277582162e+04 2.243000168476683598e+01
6.372402559354445111e+04 2.259820060702610789e+01
6.372606150083790999e+04 2.277727510274248601e+01
6.372606195091921109e+04 2.274731180694572430e+01
6.372608367365481536e+04 2.259818954323312923e+01
6.372608411972743488e+04 2.260083518438317185e+01
