# JD   5-sigma-depth
6.022738531146330206e+04 2.308660307503030396e+01
6.025036521350819385e+04 2.307597589580852571e+01
6.025036567439102510e+04 2.309527386057298770e+01
6.025124168011800793e+04 2.329875314879163284e+01
6.025126624822599842e+04 2.352414679964907052e+01
6.026603181418271561e+04 2.278989721602505014e+01
6.027212721617239004e+04 2.315806246077543307e+01
6.027518863326038991e+04 2.268211944068978525e+01
6.027926869996328605e+04 2.284960673157797117e+01
6.027926963059350965e+04 2.304678095426163509e+01
6.029920781905502372e+04 2.323125524875691639e+01
6.030019106489921251e+04 2.350173331967288703e+01
6.032113435842036415e+04 2.318858650855325720e+01
6.035805190886801574e+04 2.328252667066045234e+01
6.035805284464524448e+04 2.322001552276819680e+01
6.036726884053782123e+04 2.234935920998384873e+01
6.037110542531435931e+04 2.307509786138345476e+01
6.039202084200766694e+04 2.292768751973500585e+01
6.039202174044138519e+04 2.287747992593349622e+01
6.063331085647622967e+04 2.289340893317683978e+01
6.063932197542370704e+04 2.380805108358913458e+01
6.063932858649022819e+04 2.372212975595943618e+01
6.064334436612762511e+04 2.368560794295704142e+01
6.064334575638366368e+04 2.350888207249040107e+01
6.064334991283364070e+04 2.338352930651365114e+01
6.065034027644695016e+04 2.351941093247267389e+01
6.066029549291248259e+04 2.266038943474794110e+01
6.066733799852329685e+04 2.337588328604862653e+01
6.067134019942008308e+04 2.330407386744730758e+01
6.067134067133966164e+04 2.329310424134725821e+01
6.067817750687621447e+04 2.319949545511254030e+01
6.070608802487196954e+04 2.285430831786460715e+01
6.071514861969129561e+04 2.282837143010395309e+01
6.072504546184947685e+04 2.319326896298906959e+01
6.075400830498262076e+04 2.313117667460124949e+01
6.076298895402452763e+04 2.267590439233264732e+01
6.100521408640066511e+04 2.314300251078726589e+01
6.104415731412840978e+04 2.311787752445890831e+01
6.106504202986672317e+04 2.378085744589561656e+01
6.106504248984959122e+04 2.383559569423084312e+01
6.133633065369082033e+04 2.278334519000878444e+01
6.133930567670994060e+04 2.313678193869120747e+01
6.134031952467813971e+04 2.290371000815256153e+01
6.134533313722108869e+04 2.328121357582083917e+01
6.135531837445081328e+04 2.367751485589936067e+01
6.135632777821696800e+04 2.366283418738873578e+01
6.136532140073690971e+04 2.361583702374579374e+01
6.136533586111028853e+04 2.372599007483120204e+01
6.137030606050135975e+04 2.307337889095963135e+01
6.137331747564191028e+04 2.325043443011050215e+01
6.138133399788940733e+04 2.345889504938501346e+01
6.138613633128710353e+04 2.354742681221370404e+01
6.139532180085309665e+04 2.338267156887399523e+01
6.139621322785243683e+04 2.313664821844340835e+01
6.140218876866118808e+04 2.346282369166507564e+01
6.140221567313314154e+04 2.319929473173175083e+01
6.140627650559785980e+04 2.320769778946932149e+01
6.142031072982445767e+04 2.317113936805446883e+01
6.142216282869609131e+04 2.349485701911662616e+01
6.142216373188123544e+04 2.347771975018119406e+01
6.142806746735112392e+04 2.309909244805840700e+01
6.143534621891490679e+04 2.264327127944870810e+01
6.143604780265010777e+04 2.348841284742229618e+01
6.143606501685888361e+04 2.352859519796726318e+01
6.144325670326752152e+04 2.308638013543696843e+01
6.145022868303870200e+04 2.323888160498050937e+01
6.145303449132583046e+04 2.297213619738577606e+01
6.145613498652849376e+04 2.252339428285403145e+01
6.145918582090375276e+04 2.267402113117582019e+01
6.145923659021453932e+04 2.273039054361603917e+01
6.146511506804158125e+04 2.343677697039164798e+01
6.147110900669379043e+04 2.310734798405036372e+01
6.147826614402652922e+04 2.226452943500034820e+01
6.148002846299874363e+04 2.319744884412290276e+01
6.148002891170543444e+04 2.325685394675936379e+01
6.148200116394770157e+04 2.310974632920215299e+01
6.148802131076598016e+04 2.289620931624602918e+01
6.148802266802681697e+04 2.273649864682786159e+01
6.149399138350757130e+04 2.341870340313080590e+01
6.177117911052810086e+04 2.375588575020745807e+01
6.178727866451090813e+04 2.305325891721608045e+01
6.180407889964054630e+04 2.338022150249446440e+01
6.206036036725372105e+04 2.345028018233231037e+01
6.206537236204044893e+04 2.323509298936465939e+01
6.207134747580232215e+04 2.347003246031299284e+01
6.208734174891400471e+04 2.334024580252873449e+01
6.209031839674941875e+04 2.332959299209849036e+01
6.210131326022410940e+04 2.331325043780175221e+01
6.210627400618456886e+04 2.260109705441179528e+01
6.210627539677455206e+04 2.283662238737953842e+01
6.210722081009313115e+04 2.307167890593163406e+01
6.211732842543004517e+04 2.339215369305864911e+01
6.211732889429504576e+04 2.333286574745786268e+01
6.212133200142250280e+04 2.307810970816769469e+01
6.212133244562200707e+04 2.312240642599989116e+01
6.213128951559802954e+04 2.328354835753356866e+01
6.215413802528148517e+04 2.345969173054924894e+01
6.215914100519651402e+04 2.303655687807386698e+01
6.215915993174998584e+04 2.318777413407013910e+01
6.215933068655046372e+04 2.312792531828898746e+01
6.216206478371354751e+04 2.285365093197483333e+01
6.216420850983887067e+04 2.273175911637994062e+01
6.216624444308067905e+04 2.207200577144335796e+01
6.217204385467318207e+04 2.310202849127353630e+01
6.217226373215107014e+04 2.273838414350026227e+01
6.217734242296951561e+04 2.259960416368503289e+01
6.219204687688693230e+04 2.313988328664043337e+01
6.220100918980618735e+04 2.327057741173845073e+01
6.220301896608281095e+04 2.304913989568475685e+01
6.220302877281230758e+04 2.309203547433606474e+01
6.220927220497895905e+04 2.285808328480481677e+01
6.223101352753042011e+04 2.289187362117782598e+01
6.252330338536370982e+04 2.258691832077600736e+01
6.252332342903469544e+04 2.228205878742210544e+01
6.254103054812263872e+04 2.293538424848998147e+01
6.278534209953497339e+04 2.276146918480108283e+01
6.279933844432819023e+04 2.364589641284631938e+01
6.280434092619031435e+04 2.355154184815059537e+01
6.281626303706963517e+04 2.289099507013170864e+01
6.281731564895417250e+04 2.230907781664230427e+01
6.282533125494656269e+04 2.321026520717713026e+01
6.282732087788784702e+04 2.349154825236220745e+01
6.283120340100205794e+04 2.337825300155008890e+01
6.283732890513006714e+04 2.374597485137695685e+01
6.284324711772228329e+04 2.265883634847842387e+01
6.284324756742512545e+04 2.271921811414672021e+01
6.284725473664305173e+04 2.306088289110711642e+01
6.284731003008939297e+04 2.296225571941517885e+01
6.284731050350856094e+04 2.289667412944367797e+01
6.285327025577560562e+04 2.338286385499165476e+01
6.285327165201500611e+04 2.332532316904024583e+01
6.286222547932641464e+04 2.324446985018449041e+01
6.286222640585933550e+04 2.337561089938849790e+01
6.286612679884174577e+04 2.342756950750494127e+01
6.287614389447868598e+04 2.286092381837260135e+01
6.287724082711981464e+04 2.286813348950406422e+01
6.288713554191466392e+04 2.340268580803346765e+01
6.289013445452843007e+04 2.321955193270692064e+01
6.289216987819920905e+04 2.366798411472434793e+01
6.289413224504256505e+04 2.315075380849464182e+01
6.289714967799741862e+04 2.336854008824254336e+01
6.290004270399552479e+04 2.326128268355248707e+01
6.290605301266911556e+04 2.298371346374980106e+01
6.290727040824732103e+04 2.255702675983415872e+01
6.291103832261134085e+04 2.350663508876581176e+01
6.292704354758074624e+04 2.336578402405182331e+01
6.292721844813556527e+04 2.317879522268366443e+01
6.293902891289054969e+04 2.317152607039433931e+01
6.293920312373247725e+04 2.305561940985864666e+01
6.294908826804415003e+04 2.285274962255083508e+01
6.296608272770105395e+04 2.226374427279749213e+01
6.298599445021562133e+04 2.326859409685989277e+01
6.300804923165398941e+04 2.300377253303426883e+01
6.316820982946630829e+04 2.246914920314826958e+01
6.318631653129097685e+04 2.345419097310432832e+01
6.323116748091376940e+04 2.292588133128638361e+01
6.324105378842366918e+04 2.350307737818292253e+01
6.324735942412428267e+04 2.334249035162169861e+01
6.325425358240971400e+04 2.281276394804094920e+01
6.325607148286996380e+04 2.247755632268393455e+01
6.325921052937336935e+04 2.276693348143971818e+01
6.326413098446978256e+04 2.336954550081586035e+01
6.327520002162963647e+04 2.339675348201888738e+01
6.327520181932946434e+04 2.333412658697278985e+01
6.328918726894667634e+04 2.264924289261420753e+01
6.329404009663740726e+04 2.292004570448118272e+01
6.331102557974372030e+04 2.324310235571954308e+01
6.331311740598003962e+04 2.234604390813195707e+01
6.331411647467684088e+04 2.260167688516316531e+01
6.334699258194280264e+04 2.225383106134033540e+01
6.354435187367859908e+04 2.342603987298375046e+01
6.355425547240164451e+04 2.299852526711484657e+01
6.356734747702458844e+04 2.348912175366135813e+01
6.357721212776184984e+04 2.338276421973555586e+01
6.358120453053875099e+04 2.302555652207656323e+01
6.360113687129467144e+04 2.364353576594460193e+01
6.361015744312520837e+04 2.255606905340762225e+01
6.361527603260179603e+04 2.264977027901331041e+01
6.361528108804400108e+04 2.279831707427388210e+01
6.362707964938062651e+04 2.377618014880533082e+01
6.363516859906948957e+04 2.332618165751817330e+01
6.364005437710116530e+04 2.322448877850596816e+01
6.364005812597729528e+04 2.310914741107914239e+01
6.364105727900577767e+04 2.316514721393467369e+01
6.364711636901242309e+04 2.333036890805933794e+01
6.365606513957900461e+04 2.329489183763851656e+01
6.366118556663466006e+04 2.321281373649700441e+01
6.366603267134835914e+04 2.274178061759415925e+01
6.368912448574510927e+04 2.309878926089181306e+01
6.369799205792892462e+04 2.308878584331183959e+01
6.371405653992751468e+04 2.311156333152252529e+01
