# JD   5-sigma-depth
6.022436548941480578e+04 2.375052962951581392e+01
6.022737781449503382e+04 2.326295297577352272e+01
6.022937487951909861e+04 2.346092922953345905e+01
6.023925945515683998e+04 2.372017841000113947e+01
6.023925990484264184e+04 2.377268273195502246e+01
6.024707572822985821e+04 2.272238502272408667e+01
6.025122629608645366e+04 2.335195584307270167e+01
6.025122908191998431e+04 2.334894839340735828e+01
6.026301551971539448e+04 2.321184180984759848e+01
6.027519987119279540e+04 2.292457968770104770e+01
6.028809069712233031e+04 2.371107896977053286e+01
6.029408903057596035e+04 2.407878312168904245e+01
6.030206897515888704e+04 2.339896994967097754e+01
6.032114174354643183e+04 2.318729891718012581e+01
6.056438132597484946e+04 2.384658398572394233e+01
6.056634919309648103e+04 2.382206081192412483e+01
6.057438275688996509e+04 2.286626484895940337e+01
6.057534561326633411e+04 2.344646168079229298e+01
6.058726413438095915e+04 2.382541050810725736e+01
6.060119269087976136e+04 2.344156224392272136e+01
6.060119361983777344e+04 2.337975279720108190e+01
6.060130121530721954e+04 2.270672891972218821e+01
6.060430445962137310e+04 2.329846642232256571e+01
6.061126879866457602e+04 2.361460462394852655e+01
6.064021643369329831e+04 2.370885133707125902e+01
6.064505320960572135e+04 2.388668376125842485e+01
6.064917017392368143e+04 2.347357159413442673e+01
6.065623736474890757e+04 2.288795837974891967e+01
6.067706042115208402e+04 2.322071607357295875e+01
6.067913221826681547e+04 2.340778856030164690e+01
6.069505617328103835e+04 2.376324317803559438e+01
6.070503682332432072e+04 2.300436492239771624e+01
6.091836357623381627e+04 2.372123243409523496e+01
6.100520520250988920e+04 2.357774558625312267e+01
6.100602632717855158e+04 2.350665210036399699e+01
6.126833433773992147e+04 2.340168463581964886e+01
6.129135816535409685e+04 2.355580334500871587e+01
6.129338888854426477e+04 2.301569642914289204e+01
6.130234434310892539e+04 2.287990218929002850e+01
6.130328674296379177e+04 2.370839421159968907e+01
6.130523570210073376e+04 2.355475732500657315e+01
6.131024260780650366e+04 2.265755623289058462e+01
6.131024678387024323e+04 2.280349484228632662e+01
6.132238028076159389e+04 2.352065403084042572e+01
6.132933840073470492e+04 2.361691672504225181e+01
6.132933886269344657e+04 2.358151860997929816e+01
6.133631854048175592e+04 2.242656860280133202e+01
6.133928816095305956e+04 2.244255120269409076e+01
6.134532655629680085e+04 2.353216659563736712e+01
6.136009763134163222e+04 2.387903001392566082e+01
6.136515191661444260e+04 2.340075071139489182e+01
6.136914072499926260e+04 2.316845909161883554e+01
6.137504627593153418e+04 2.364173446560063141e+01
6.137504673211184127e+04 2.366843380866600910e+01
6.138208873352366209e+04 2.352205616260051002e+01
6.138209154629720433e+04 2.366814454229185927e+01
6.138502973538729566e+04 2.307068665335334501e+01
6.138508001152162615e+04 2.379697500132067844e+01
6.138712920307468448e+04 2.381017401737506844e+01
6.138713012884301133e+04 2.388565944477447545e+01
6.139612292677840014e+04 2.305912896842331605e+01
6.139612384773876693e+04 2.325885711173236814e+01
6.140914781863425014e+04 2.349427010738737209e+01
6.141217481637942547e+04 2.330761709044175589e+01
6.141217526043046382e+04 2.326233340148212392e+01
6.141503742174259969e+04 2.292033739462469555e+01
6.141504299823279143e+04 2.319875864060474058e+01
6.141510372327902587e+04 2.365234003311613975e+01
6.142105255865567597e+04 2.335969013818786877e+01
6.142405022440558241e+04 2.312745865330651540e+01
6.142407823326659127e+04 2.315044113209319576e+01
6.143105155740691407e+04 2.306390083815396252e+01
6.143607177254971612e+04 2.329885589087599129e+01
6.171702227495313127e+04 2.298563341678714878e+01
6.172430915227962396e+04 2.255403357313029744e+01
6.175627609774647135e+04 2.276625679115806378e+01
6.175627655226796924e+04 2.286550046110143342e+01
6.177118842223123647e+04 2.345580484999954507e+01
6.200239411973249662e+04 2.376412889739872725e+01
6.202136555705009232e+04 2.284490165142787887e+01
6.202436518644046737e+04 2.340442217079967335e+01
6.203235391930594778e+04 2.322212911644463773e+01
6.205025659457896836e+04 2.305221197590331528e+01
6.205036642684211984e+04 2.301387728819576495e+01
6.206534309622167348e+04 2.364620721935776970e+01
6.206534399979694717e+04 2.372986661129304053e+01
6.207023301991449262e+04 2.326166398960571868e+01
6.208734935836515797e+04 2.297655281775930547e+01
6.209024353691570286e+04 2.330080469261252674e+01
6.209532962164905621e+04 2.276424290507625869e+01
6.209905808318317577e+04 2.359652809819666430e+01
6.210005286382197664e+04 2.311725919392726780e+01
6.210005978723165026e+04 2.315960606456521020e+01
6.210720356282780995e+04 2.303763246429759448e+01
6.210917642855966551e+04 2.288227450665189266e+01
6.210917687994969310e+04 2.294198269615096208e+01
6.210920184023248294e+04 2.295806840834760720e+01
6.210920274114898348e+04 2.289576958239210569e+01
6.211517071253703034e+04 2.343659482808322281e+01
6.212304825377277302e+04 2.331480163846000409e+01
6.212905046347211464e+04 2.298782453637011258e+01
6.213003437565641070e+04 2.286900191167553942e+01
6.213307165525312303e+04 2.276991800815773104e+01
6.215407556388252851e+04 2.342149363870927203e+01
6.215916415134608542e+04 2.290538202539743295e+01
6.216204916510840849e+04 2.273943605938666934e+01
6.218501989061056520e+04 2.274461367259312539e+01
6.218508142235292325e+04 2.313089775855230101e+01
6.218508187155956693e+04 2.318427402683842331e+01
6.240023219965110911e+04 2.264120315445169496e+01
6.246217678117098694e+04 2.291109112438991602e+01
6.248032199748676067e+04 2.266682060802545351e+01
6.273540339234476414e+04 2.366451397863314909e+01
6.274325421212293440e+04 2.339270871111714811e+01
6.274524922004852124e+04 2.339824846294996519e+01
6.275038345623758505e+04 2.345946753235747906e+01
6.275331197109587811e+04 2.315804420258727703e+01
6.275523370034834079e+04 2.289555352401807298e+01
6.275523415797071357e+04 2.290476334178169182e+01
6.275833867475403531e+04 2.321867634457860419e+01
6.276036912931031111e+04 2.298909997510193293e+01
6.278122968794178450e+04 2.319336707194637270e+01
6.278123060678095499e+04 2.320433348421283171e+01
6.278532440591699560e+04 2.282889143123552600e+01
6.279022541946647834e+04 2.317996086605408479e+01
6.279025202568061650e+04 2.313750486656699223e+01
6.282019054671318008e+04 2.261805121320717404e+01
6.283112149323610356e+04 2.350489885595633410e+01
6.283112194515269221e+04 2.353952830488859504e+01
6.283121087573933619e+04 2.330246375895834277e+01
6.283603169861163769e+04 2.313553186613923529e+01
6.285204629364753055e+04 2.309580110216058557e+01
6.285412729990982916e+04 2.330973697664933653e+01
6.286213522721149639e+04 2.326994405801950450e+01
6.286313056126242009e+04 2.348908119796611871e+01
6.286905216803053190e+04 2.351182220959386981e+01
6.287607783576436486e+04 2.303968823079087258e+01
6.287607828004175099e+04 2.307981914101068099e+01
6.288714374417011277e+04 2.284386437912782952e+01
6.289014042676310055e+04 2.307951607759576262e+01
6.289014087992771238e+04 2.299738305048876086e+01
6.289014267651052069e+04 2.308386832798446875e+01
6.289413774977124558e+04 2.293795875886197067e+01
6.289806151608868095e+04 2.352605807716077635e+01
6.311436906296293455e+04 2.317915249021527657e+01
6.311536800256324932e+04 2.307904444272323019e+01
6.311837724184478429e+04 2.367959515638517587e+01
6.313538315922567563e+04 2.376444174059967906e+01
6.314024316485368763e+04 2.261092825060390510e+01
6.314132802416864433e+04 2.236245285682793593e+01
6.314809731650409958e+04 2.353777693234911084e+01
6.316403515760865412e+04 2.266426046310667886e+01
6.316720420280496910e+04 2.292261371339535359e+01
6.319505248115013819e+04 2.250068042461874995e+01
6.320602818481582653e+04 2.317083503889746154e+01
6.320602863383839576e+04 2.315752340392759834e+01
6.322903555997867807e+04 2.311912670659405933e+01
6.325605335361866310e+04 2.272290374029853766e+01
6.326404673714551609e+04 2.330402327940971574e+01
6.345040364273751038e+04 2.337201940647838683e+01
6.348325190985894005e+04 2.327502599916698145e+01
6.348927117388658371e+04 2.342934116731771610e+01
6.353124107068096782e+04 2.366340268422896287e+01
6.355114296510862914e+04 2.333021592935166666e+01
6.356517005502784741e+04 2.389693270811022074e+01
6.356711511922528734e+04 2.335653043802631146e+01
6.357117934584832983e+04 2.309714109999059417e+01
6.357806744181884278e+04 2.329433776621513985e+01
6.358006383465021645e+04 2.299559599172252078e+01
6.358006430392351467e+04 2.310074654992060772e+01
6.358014655738103465e+04 2.320233001284937302e+01
6.365607390168426355e+04 2.285142238918912483e+01
6.379942643222888728e+04 2.359848460238938372e+01
6.382235384204431466e+04 2.288555412281620960e+01
6.382340106753102009e+04 2.271514547407804940e+01
6.382340852895757416e+04 2.286221163590309047e+01
6.383737062472738762e+04 2.358342054088439355e+01
6.385132779818162089e+04 2.285520040040153944e+01
6.385133524036702147e+04 2.279244068447071214e+01
