# JD   5-sigma-depth
6.021809852119945572e+04 2.089071673257693362e+01
6.021812235234726541e+04 2.107742738251652170e+01
6.022999956176165870e+04 2.234690016065051665e+01
6.023000002693638817e+04 2.237392107942881481e+01
6.023000969354147674e+04 2.187490893361696465e+01
6.023001015871620621e+04 2.189460339771659747e+01
6.048323400730005233e+04 2.195349939221013713e+01
6.048325807952880859e+04 2.191104629785552760e+01
6.048328133453198825e+04 2.194036010847958806e+01
6.048629414159681619e+04 2.149144701612294739e+01
6.048631751670047379e+04 2.232331086373036300e+01
6.054012988435171428e+04 2.227660510019548923e+01
6.054013034546135896e+04 2.227923491276707324e+01
6.054324847754292568e+04 2.216916201955045551e+01
6.054815429417991254e+04 2.247131608501210565e+01
6.056313293067402992e+04 2.227604386284739135e+01
6.056313339492952218e+04 2.234000301459929005e+01
6.057206560546287074e+04 2.221879815151916659e+01
6.057307315921529516e+04 2.227100458532068927e+01
6.087022916557503049e+04 2.153850100822640812e+01
6.087023924609440292e+04 2.168486725016865435e+01
6.089116431949024263e+04 2.184684409658868987e+01
6.089118779026816628e+04 2.210593809053312953e+01
6.092316629919834668e+04 2.224500263701863290e+01
6.092318878913263325e+04 2.211386099226920621e+01
6.094915215670283942e+04 2.210099825460882883e+01
6.094917565284168813e+04 2.178460380220263204e+01
6.118928149929351639e+04 2.197696853131274253e+01
6.121617741149057838e+04 2.184158945164980992e+01
6.124311108290651464e+04 2.200879535697291089e+01
6.124311293048788502e+04 2.220726570697516777e+01
6.124318443253093574e+04 2.234448991741193424e+01
6.125025849033374107e+04 2.196522807023935187e+01
6.125028155206049269e+04 2.190023550539173058e+01
6.125127485968659312e+04 2.211686572179321075e+01
6.125129791474199010e+04 2.198772558171577884e+01
6.125334500158176525e+04 2.159058152555688892e+01
6.127315696538073826e+04 2.204035221038009951e+01
6.127608938383829809e+04 2.195628308756759850e+01
6.127611252010907629e+04 2.182091249020858470e+01
6.130010592062930664e+04 2.202086460734464879e+01
6.130012938188084081e+04 2.224392339551476994e+01
6.130112492237209517e+04 2.225210703422298408e+01
6.130113003125126852e+04 2.207217406879157551e+01
6.130920758633227524e+04 2.193252622137573837e+01
6.131703693482757080e+04 2.222705313663600890e+01
6.133011809247645579e+04 2.196237446538175320e+01
6.133014110142995924e+04 2.199778234908045960e+01
6.133105819005218655e+04 2.238848729884362854e+01
6.133909241784576443e+04 2.117386176458282065e+01
6.148532735707041866e+04 2.141557673622345703e+01
6.148534978941642476e+04 2.180097408860811470e+01
6.151837780871646828e+04 2.197150031012777305e+01
6.163328467057995294e+04 2.143111516485659962e+01
6.168806638444471173e+04 2.210337600248860923e+01
6.168806684826147102e+04 2.211248323173395036e+01
6.168808906020728318e+04 2.204412722541465897e+01
6.168808952402404248e+04 2.180884498970163676e+01
6.190536343130491878e+04 2.237447700802037076e+01
6.192524195156554197e+04 2.199806713699600635e+01
6.192524239941070846e+04 2.199526888518562018e+01
6.192526484294211696e+04 2.193783359651574472e+01
6.192526529131340794e+04 2.194170854695256168e+01
6.194724728735297685e+04 2.222043562649659521e+01
6.194724773723751423e+04 2.218409161323329215e+01
6.194727044187939464e+04 2.213745660930080206e+01
6.194727089198993781e+04 2.210188424511584060e+01
6.195420692788718588e+04 2.200634146071834962e+01
6.195420783102137648e+04 2.202260824750992896e+01
6.195423007080749085e+04 2.174993797878339663e+01
6.195424421299272217e+04 2.194325492590322924e+01
6.195425362101996143e+04 2.208677353075264804e+01
6.198410204847943533e+04 2.181626017536785511e+01
6.199031244577654434e+04 2.129424537380879556e+01
6.199323622985387919e+04 2.164878681378908354e+01
6.200918259912072972e+04 2.218697036279367296e+01
6.201408506493081950e+04 2.176870378676685647e+01
6.201408552434160811e+04 2.176062819664865700e+01
6.201504537951197563e+04 2.171744976887314493e+01
6.201506842975408654e+04 2.162124625872191430e+01
6.201609864498215029e+04 2.186932754802536039e+01
6.204203249123187561e+04 2.207270757886000823e+01
6.204203295549578615e+04 2.206758034821150716e+01
6.204307718086835666e+04 2.217181087907865944e+01
6.204607985209107574e+04 2.202341653940164434e+01
6.204703290465868486e+04 2.179929178705933523e+01
6.204808099309445242e+04 2.234017040763103168e+01
6.207606771447303618e+04 2.176019077790150646e+01
6.207608909449443308e+04 2.174899735608809337e+01
6.207609047018204001e+04 2.180443595038116911e+01
6.207611183838597935e+04 2.183354761214845752e+01
6.222536285466556728e+04 2.195785005078375463e+01
6.222539037148310308e+04 2.167981414827751863e+01
6.225333726088529511e+04 2.188613844339455028e+01
6.239408803956885095e+04 2.224997586285340034e+01
6.239411131854931591e+04 2.239363398952530915e+01
6.239708539612514141e+04 2.218710487133427733e+01
6.239710815477126016e+04 2.210819746247701545e+01
6.265619853693246114e+04 2.152717843873098147e+01
6.265619943193483778e+04 2.147970974894455054e+01
6.265622130390933307e+04 2.142904672338356775e+01
6.265622219921266515e+04 2.151009045632747174e+01
6.267127158926280390e+04 2.143585811118984452e+01
6.269424568300998362e+04 2.213507216280664025e+01
6.269620873143749486e+04 2.141114517282552399e+01
6.271321454280813487e+04 2.229779572356474660e+01
6.271323800588660379e+04 2.247650873660527537e+01
6.271699101481954858e+04 2.146979869391159568e+01
6.271701348580630292e+04 2.147023128347303000e+01
6.272118973563115287e+04 2.220478095762663173e+01
6.272520016878710885e+04 2.219357167766318994e+01
6.272520107952719991e+04 2.212424213500657189e+01
6.272619071078956767e+04 2.226047893870767425e+01
6.272621403517490398e+04 2.226858793551755511e+01
6.273510975699876144e+04 2.233971727615242742e+01
6.275102452197316597e+04 2.193752022687341707e+01
6.275104494714093016e+04 2.228566978486658456e+01
6.275104636501647474e+04 2.226242503704557762e+01
6.275106811827616912e+04 2.177453215986109569e+01
6.275106953697936115e+04 2.176345527079223530e+01
6.275616129501818796e+04 2.194056443276976154e+01
6.275616175020489027e+04 2.193864225783233479e+01
6.278405624229187379e+04 2.205978363081892013e+01
6.278405716524653690e+04 2.208502956392969097e+01
6.278407923145370296e+04 2.216593141483177476e+01
6.278408015440836607e+04 2.219322391625673774e+01
6.280400166480197367e+04 2.134809338161140246e+01
6.280401222282454546e+04 2.186898618062142674e+01
6.296334769917207450e+04 2.190675478788537944e+01
6.296336933287450665e+04 2.200428900028915535e+01
6.298641562528713985e+04 2.235578367005768996e+01
6.298641654910139914e+04 2.224703601919332030e+01
6.299738981581298140e+04 2.200773649306706048e+01
6.302129689948604209e+04 2.220318935606352539e+01
6.302132030166193726e+04 2.192392113901314588e+01
6.304720318309048162e+04 2.164388724215067228e+01
6.307622758739916026e+04 2.161436224394616801e+01
6.308123899935954250e+04 2.148291859335167686e+01
6.308223292390936695e+04 2.132258019628325485e+01
6.310913603850364598e+04 2.190992025062539739e+01
6.310915922260595835e+04 2.212459851247175280e+01
6.313204514908853889e+04 2.188943397486477593e+01
6.314015589030225965e+04 2.175310173377737044e+01
6.314017876341125520e+04 2.168425516950262022e+01
6.316606234868732281e+04 2.194025152698401371e+01
6.316810563110940711e+04 2.190203982896090196e+01
6.334830080050318065e+04 2.164903920565780737e+01
6.334832356284732668e+04 2.211363182596700838e+01
6.334835075709895318e+04 2.222036956050680345e+01
6.334837448695598141e+04 2.215741310706763301e+01
6.338120446293075656e+04 2.172982929410468955e+01
6.338120491150500311e+04 2.179407604859536463e+01
6.338122707898453518e+04 2.163650011408921969e+01
6.338122752718322590e+04 2.168781172164359106e+01
6.343524530116071401e+04 2.158987698687252177e+01
6.343526807075770921e+04 2.178390583317797535e+01
6.346418003936832247e+04 2.181580016946860567e+01
6.346420293594197574e+04 2.175668776493771617e+01
6.346519325726775423e+04 2.185375253524198058e+01
6.351600300953788246e+04 2.233487037805790365e+01
6.351600345943508728e+04 2.230950606231375843e+01
6.352308803529836587e+04 2.188329007636039591e+01
6.367038856273672718e+04 2.163820834399066229e+01
6.367039930438618467e+04 2.180253562278410584e+01
6.367539532605907880e+04 2.179042234096435493e+01
6.367539577504604677e+04 2.181401333366791206e+01
6.370132823458783969e+04 2.168714522554022395e+01
6.370332678763206786e+04 2.167462040432244308e+01
6.373125780377398041e+04 2.160790385978079797e+01
6.373128071358326997e+04 2.185244495008040744e+01
6.378231614413484931e+04 2.194773067114618925e+01
6.378521662553602073e+04 2.176029746941969734e+01
6.378521707410120871e+04 2.178986503715476886e+01
6.378530963699503627e+04 2.181537374154053666e+01
6.379107741723863728e+04 2.138020360948448939e+01
6.379109991339822591e+04 2.136737251566811580e+01
6.379232168775885657e+04 2.214913735279029439e+01
6.384207890287343616e+04 2.196512924818665624e+01
6.385018260098319297e+04 2.163160935306016697e+01
6.385020554840200930e+04 2.190421338805814599e+01
6.386999178311437572e+04 2.149729574640917207e+01
6.387000145676903048e+04 2.156066391270237403e+01
