# JD   5-sigma-depth
6.021928607708329946e+04 2.183785753280019648e+01
6.023100333026838052e+04 2.370523458244256432e+01
6.024300278313264425e+04 2.308223009651239366e+01
6.024705150521999167e+04 2.321190635766213717e+01
6.043841417224214820e+04 2.370358470651314420e+01
6.044339424633889575e+04 2.368956840055176016e+01
6.046634323777005193e+04 2.404764227417731348e+01
6.048632851997217949e+04 2.331820155875123035e+01
6.052515152736943855e+04 2.380906497499793062e+01
6.052910735466192273e+04 2.342650385249728373e+01
6.054015240486325638e+04 2.276089433422401953e+01
6.054015375889604911e+04 2.275527317293663288e+01
6.054807627933657204e+04 2.371033120683549456e+01
6.056600005214632256e+04 2.324949324437160314e+01
6.057310612101741572e+04 2.298237283205965298e+01
6.058908722477549600e+04 2.376600833429196769e+01
6.060100807561015245e+04 2.363441000365004641e+01
6.060102426455246314e+04 2.335309332223125622e+01
6.060401707377456478e+04 2.390187816113337504e+01
6.060803412728723197e+04 2.375231040458871945e+01
6.060803458957957628e+04 2.373243601976751904e+01
6.090106290344904119e+04 2.351219945504345077e+01
6.090327994863250206e+04 2.345554125331270257e+01
6.091407411270012381e+04 2.376498615460061004e+01
6.092098650033432205e+04 2.256281658575246496e+01
6.117234381807420868e+04 2.392868448872800258e+01
6.118128505633059103e+04 2.387677441183348037e+01
6.119436285450087598e+04 2.264526824558213391e+01
6.119533473928602325e+04 2.312426852017960144e+01
6.121520088446090085e+04 2.345240569559209831e+01
6.121527080515073612e+04 2.351651669542593837e+01
6.122436005195507460e+04 2.278635616748700699e+01
6.122640936441731901e+04 2.304761800990733889e+01
6.122710100807200070e+04 2.317336305364713667e+01
6.122710190253168548e+04 2.313938582228065499e+01
6.122826872027624631e+04 2.320950446302095571e+01
6.122829421620885114e+04 2.313329868503650388e+01
6.123429616827113932e+04 2.342990931357940099e+01
6.125809238380048919e+04 2.372608201156990049e+01
6.125814145631855354e+04 2.374465925283464429e+01
6.126010328041890898e+04 2.385871092165761453e+01
6.126010373361179518e+04 2.385870798166500251e+01
6.126310253603772435e+04 2.351471610276064084e+01
6.126715049436638947e+04 2.348990347530995848e+01
6.127118404917906446e+04 2.380626645906768957e+01
6.127306290487063234e+04 2.364958606058820578e+01
6.129399920415682573e+04 2.372790852163952735e+01
6.129409090675990592e+04 2.381452040326184871e+01
6.129416581048513763e+04 2.380766216638196653e+01
6.129702555675067561e+04 2.391796443331281807e+01
6.130002714776032371e+04 2.368465469662262990e+01
6.130200444867282931e+04 2.336607389259069834e+01
6.130218649779451516e+04 2.240147907815000394e+01
6.132000039936970279e+04 2.374081670488269324e+01
6.132508016720299202e+04 2.389024689131442969e+01
6.132609785870815540e+04 2.306863402906958882e+01
6.133005653412258835e+04 2.360115917189141399e+01
6.133303634806461196e+04 2.274820099057331646e+01
6.134303552010910789e+04 2.343670096391808144e+01
6.147837934044317808e+04 2.269206729983385173e+01
6.150140312479266140e+04 2.363784495470816438e+01
6.152639212894438242e+04 2.397981188331002045e+01
6.153935928455233079e+04 2.397234987609980550e+01
6.159127383710232971e+04 2.350080861855447267e+01
6.190828869698932249e+04 2.365102195028775611e+01
6.191840394647172070e+04 2.379931753098798808e+01
6.191840863977547269e+04 2.382692713641269933e+01
6.192638892553552432e+04 2.336807431836976434e+01
6.193538371018258476e+04 2.350149460636001209e+01
6.193831505356973503e+04 2.323009696830399662e+01
6.193935106713910500e+04 2.363392699785242712e+01
6.193935153797066596e+04 2.364572906759833870e+01
6.194031061530241277e+04 2.316336867173010106e+01
6.194330967609600339e+04 2.372146219184976701e+01
6.194734951583190559e+04 2.285634236416215970e+01
6.195414309812585998e+04 2.273187743769166502e+01
6.195825488081649382e+04 2.236330583108838255e+01
6.196424052355223102e+04 2.306332570445551156e+01
6.197417218818083347e+04 2.369689466749570528e+01
6.198403368463921652e+04 2.267574088638599505e+01
6.198925139929894067e+04 2.286103631348520082e+01
6.199016518974890641e+04 2.256696102941209858e+01
6.199115384016866301e+04 2.281737681952307639e+01
6.199117801539145876e+04 2.289171250572321270e+01
6.199117848242311447e+04 2.288673514095885153e+01
6.200410294724117557e+04 2.358483309109960047e+01
6.202018993289365608e+04 2.307197260946814410e+01
6.202099008293898078e+04 2.345839419806134529e+01
6.202118926109268068e+04 2.287037669899144277e+01
6.202709206782947876e+04 2.395785558260031678e+01
6.204800072144326259e+04 2.312011345393176498e+01
6.204800210830172728e+04 2.311326397970260160e+01
6.206001689340009034e+04 2.407519444824799493e+01
6.206301576797779126e+04 2.372682324419830735e+01
6.206501552105968585e+04 2.362504935398465378e+01
6.207001090842767735e+04 2.314132126055968186e+01
6.207204276421809482e+04 2.334163819077586055e+01
6.207400970686633082e+04 2.337109056540363738e+01
6.207406563191565510e+04 2.324662315304521698e+01
6.222636062381135707e+04 2.252176120841794216e+01
6.223131608113781840e+04 2.260468864779692666e+01
6.223131652895244042e+04 2.269262309576720327e+01
6.224241857771079231e+04 2.316075566695127463e+01
6.224339358072228060e+04 2.335623548370830349e+01
6.263635343895276310e+04 2.306810099545710102e+01
6.263637799854590412e+04 2.314573857726529482e+01
6.264335565311062237e+04 2.276937206958555038e+01
6.264927763888763729e+04 2.344055319877893595e+01
6.265326391513725684e+04 2.322592247387306941e+01
6.267119900160327234e+04 2.199122422306792402e+01
6.267239372361294954e+04 2.256345870734337922e+01
6.267417682407041139e+04 2.279891020102479615e+01
6.267417907114290574e+04 2.275921080390777718e+01
6.267420240000265767e+04 2.285776575493078866e+01
6.267527943790220161e+04 2.306669234002489333e+01
6.267618732351253857e+04 2.272006679143285623e+01
6.267818258670868818e+04 2.308741225211190340e+01
6.269923223771918128e+04 2.308389018032412565e+01
6.270311706245516689e+04 2.303874556080251068e+01
6.270326162722526351e+04 2.378951503851539684e+01
6.270909629215929453e+04 2.314079275880704500e+01
6.271611700811410992e+04 2.348977976936332368e+01
6.271611839665531443e+04 2.349135087396383170e+01
6.271619170466365904e+04 2.369777450180248124e+01
6.271619634234748810e+04 2.363659186154171721e+01
6.273801935150430654e+04 2.353568793957976268e+01
6.274507482375874679e+04 2.374464252983209533e+01
6.275200816527424467e+04 2.301220774828287574e+01
6.275502662525502092e+04 2.294535324400435172e+01
6.275504796524158155e+04 2.288826335937555356e+01
6.276103636202313646e+04 2.355696088802939769e+01
6.276899698573875503e+04 2.333405004387851989e+01
6.276899743441519968e+04 2.331030587158418044e+01
6.278198983959105681e+04 2.292309093404516318e+01
6.278808466132094327e+04 2.309343360238334242e+01
6.278810835165358003e+04 2.313266303667947454e+01
6.279003113658068469e+04 2.364655552217428891e+01
6.279003251751968492e+04 2.366890959510195103e+01
6.280106035501062433e+04 2.345332431548562369e+01
6.296739392381053040e+04 2.310521583697257597e+01
6.299039492404450721e+04 2.384263256475559700e+01
6.300027763346459687e+04 2.315259259533475955e+01
6.301138256402489787e+04 2.331625196127598443e+01
6.301839591946946166e+04 2.406195985221856048e+01
6.304816072678133787e+04 2.309259924000320296e+01
6.304816162757797429e+04 2.304121536589270391e+01
6.307324300500575191e+04 2.353933818372628295e+01
6.307324346972180501e+04 2.353001227586517174e+01
6.307617398242445779e+04 2.266396203002641130e+01
6.309727358112538059e+04 2.273614729230215659e+01
6.310123401697601366e+04 2.329420551647681137e+01
6.310312113770393626e+04 2.315952127106281466e+01
6.310312637482061837e+04 2.324979301913666063e+01
6.311610069285101054e+04 2.326436254004855186e+01
6.311610114567195706e+04 2.325989301548972676e+01
6.311707642362191837e+04 2.363083548234124365e+01
6.311707734565322608e+04 2.360740877978051344e+01
6.312112695043023996e+04 2.310420115970203270e+01
6.313008073110858095e+04 2.359628620706925162e+01
6.313008220436016563e+04 2.363745872283680427e+01
6.313008267406461528e+04 2.362146801557970122e+01
6.313600639987977047e+04 2.345198276935146708e+01
6.314299987113728275e+04 2.344036482212561978e+01
6.315913914579467382e+04 2.314037722685464260e+01
6.332135984251728951e+04 2.299538779404496580e+01
6.332541202190439071e+04 2.329834407122534756e+01
6.336938842762156128e+04 2.337179675100569654e+01
6.337929836089730816e+04 2.212323723020307753e+01
6.338125472960040497e+04 2.277187645369437874e+01
6.338125517696074530e+04 2.273846937114480582e+01
6.341116395241769351e+04 2.321795354547735357e+01
6.342014209397582454e+04 2.371720216308813889e+01
6.342025612995043048e+04 2.376266506311516125e+01
6.345711065751095884e+04 2.349525957758031325e+01
6.345713137303901021e+04 2.344859137747645406e+01
6.346106901774768630e+04 2.346156108205848767e+01
6.346715223846668960e+04 2.192001159107531549e+01
6.349105844721505127e+04 2.314497315165556657e+01
6.351407993401544809e+04 2.382085372082302754e+01
6.351408129117682256e+04 2.377769268688830806e+01
6.351702940094002406e+04 2.372108680584315721e+01
6.355203280928144522e+04 2.282632109080135763e+01
6.355203325890361884e+04 2.276583305082133890e+01
6.371038010030658188e+04 2.332112892347737088e+01
6.372538099767402309e+04 2.376570003481884541e+01
6.373931937559023936e+04 2.352927651595991065e+01
6.373932074614898738e+04 2.350166652115182586e+01
6.373934339482947689e+04 2.340724169214525574e+01
6.373934895549569774e+04 2.344693198721859062e+01
6.378226238337783434e+04 2.354733546111625131e+01
6.378719350050302455e+04 2.302641064078851585e+01
6.378719721402723371e+04 2.300159608527112454e+01
6.379323378863174003e+04 2.333751606302442738e+01
6.379323424453774351e+04 2.335567532405416813e+01
6.380623717339109862e+04 2.331746351003328144e+01
6.382326559138234006e+04 2.320904147930568939e+01
6.382326603811235691e+04 2.320863978508644365e+01
6.382507090509845148e+04 2.302892909640096164e+01
6.382508520880796277e+04 2.322915610862030888e+01
6.384200771936358797e+04 2.315274652848307824e+01
6.385301341777383641e+04 2.317663773284719042e+01
6.385898525178079581e+04 2.305763832927770451e+01
6.386801879699192068e+04 2.397319237839652573e+01
