# JD   5-sigma-depth
6.022110434404596890e+04 2.450797491906981662e+01
6.022410579607439286e+04 2.426906214037513720e+01
6.022612593264313909e+04 2.425893899541236109e+01
6.022713551980364718e+04 2.379173648652868422e+01
6.022813290513212269e+04 2.427986832733950351e+01
6.025103863091406674e+04 2.417122579290150952e+01
6.052412463276138442e+04 2.352645790377738422e+01
6.052431707858799928e+04 2.387348557488702028e+01
6.052518764544738224e+04 2.424756145862365742e+01
6.053130220074274257e+04 2.426568007069565525e+01
6.054704714517547109e+04 2.436823370020578139e+01
6.055307408525505161e+04 2.448790480496750277e+01
6.055307453741545760e+04 2.450311301320760293e+01
6.057918456483844056e+04 2.428104375715063412e+01
6.059012942084696260e+04 2.415303225727674175e+01
6.060807268492100411e+04 2.405457956929584640e+01
6.061210725551380165e+04 2.387488262348557910e+01
6.085243906660916400e+04 2.382784839715349179e+01
6.090114057496056193e+04 2.376954845926481141e+01
6.091026209226851643e+04 2.405623776475108144e+01
6.091323817298723588e+04 2.411397835850320348e+01
6.093703548915867577e+04 2.410839982793911673e+01
6.093803445173679211e+04 2.426514759288789946e+01
6.121541401640190452e+04 2.411306628672609520e+01
6.121541447013818106e+04 2.409959870699956852e+01
6.122916924558394385e+04 2.394115128139547721e+01
6.123435414403308823e+04 2.390142746297570397e+01
6.123534146894387959e+04 2.376347452600501953e+01
6.124336025240335584e+04 2.430692145546223060e+01
6.124336070392446709e+04 2.428129142368899807e+01
6.125530601001811738e+04 2.318310446503110711e+01
6.125831328733969713e+04 2.379444972870846797e+01
6.126031431253423216e+04 2.376284130857830945e+01
6.126034930450683896e+04 2.376228500810825039e+01
6.126333356437036127e+04 2.375217817220427108e+01
6.126516245434933080e+04 2.402730677064440457e+01
6.127113346446570358e+04 2.431140231219140801e+01
6.129103119006203633e+04 2.378775831486098369e+01
6.129105776483858790e+04 2.415717546405892335e+01
6.129224771160900127e+04 2.401535519307883959e+01
6.129420879091555980e+04 2.426273181468884843e+01
6.129718901294251555e+04 2.436663588215618148e+01
6.131413530586845445e+04 2.406540219192741503e+01
6.132013598711772647e+04 2.437177275052251346e+01
6.132013645170015661e+04 2.436217563318983537e+01
6.134104838853279216e+04 2.434960242666399921e+01
6.134108082191140420e+04 2.337662280639928625e+01
6.134108127070901537e+04 2.344188728168960978e+01
6.134211727000354585e+04 2.313065444839500628e+01
6.134211861127258453e+04 2.274530407578628655e+01
6.134306926222357288e+04 2.347016292509987423e+01
6.135603490193290781e+04 2.426334711014820655e+01
6.135603624994191341e+04 2.422530271521871370e+01
6.135704234910216474e+04 2.413704154357956355e+01
6.135704325260499172e+04 2.409508603900757606e+01
6.135704369927191874e+04 2.409922617617698393e+01
6.150540929588447034e+04 2.385970746358793448e+01
6.152841558042378892e+04 2.370029509461845407e+01
6.152940988475529593e+04 2.419192767512917541e+01
6.153135457590186707e+04 2.401448876438026403e+01
6.156232227288086870e+04 2.406488573240290307e+01
6.161416778850202536e+04 2.352253445866722359e+01
6.193841748631832161e+04 2.376456902702724605e+01
6.193844219289497414e+04 2.330393654408636905e+01
6.193941319406512048e+04 2.421518081414902213e+01
6.194540725183146424e+04 2.382248868714715329e+01
6.195020951258350397e+04 2.393554007782510240e+01
6.197121926743374934e+04 2.446595755239917125e+01
6.197231405233477562e+04 2.427248755234389321e+01
6.197433424332855066e+04 2.373481991995516438e+01
6.197637409275538084e+04 2.361146781290127805e+01
6.199432052962797752e+04 2.315295176017707846e+01
6.200028814282289386e+04 2.383988570357327674e+01
6.200028951491903717e+04 2.360230422339211742e+01
6.200131910781370243e+04 2.366274771897325735e+01
6.200429592232777213e+04 2.363163889295524100e+01
6.201019867483014241e+04 2.408443287595802929e+01
6.202103676462847943e+04 2.426407946848234332e+01
6.202103855974888575e+04 2.413340729523686434e+01
6.202105992844444700e+04 2.375541846469317875e+01
6.202106133928445342e+04 2.382242387624793878e+01
6.202423675171070499e+04 2.350161232828079960e+01
6.202423720169020817e+04 2.355152580205680835e+01
6.202426271672022267e+04 2.320564750592058445e+01
6.202820563068958290e+04 2.405089524358096398e+01
6.202820653587095876e+04 2.399450045505664875e+01
6.203124358948122244e+04 2.393553763176382176e+01
6.203717554482100240e+04 2.399988351938832665e+01
6.206306271645832021e+04 2.415527422636482413e+01
6.206507157626689150e+04 2.410357737345049856e+01
6.208601047038688557e+04 2.357456894657941504e+01
6.208601138258686115e+04 2.356235770554255993e+01
6.208606791837819765e+04 2.374038998384624932e+01
6.208606881399558188e+04 2.364119167258448329e+01
6.208801148931810167e+04 2.377160341343149597e+01
6.208808474820070842e+04 2.361151493401593626e+01
6.240614368709501287e+04 2.337799844478556821e+01
6.242113785670373909e+04 2.408254978035073179e+01
6.267641039691495826e+04 2.372529307960609657e+01
6.269139750438433111e+04 2.368571690660198570e+01
6.270433754822013725e+04 2.331834377611816578e+01
6.270533780458982801e+04 2.376414796649132555e+01
6.271017154544983350e+04 2.427070101863201401e+01
6.271235016518910561e+04 2.383726217803283731e+01
6.271607385621333378e+04 2.384210210221334592e+01
6.271607430509809637e+04 2.364445285745659575e+01
6.273109356468425540e+04 2.366896603758252127e+01
6.273403392846873612e+04 2.406467177225204068e+01
6.273604651257974911e+04 2.386397114215119331e+01
6.273622570785784046e+04 2.428169740242867647e+01
6.273809198154682235e+04 2.429169957866563223e+01
6.273827909798278415e+04 2.404987523188905385e+01
6.275906438710966177e+04 2.381655852679859109e+01
6.276603423369070515e+04 2.433659147047065119e+01
6.276998416337942035e+04 2.367756834766482044e+01
6.276998461256315932e+04 2.367128195772579602e+01
6.277398523500503507e+04 2.358076990489066915e+01
6.277615528271954827e+04 2.348778487332267417e+01
6.277722571876726579e+04 2.365328564145306700e+01
6.279011681330577267e+04 2.384159671236181666e+01
6.279107315254100831e+04 2.390485242424079004e+01
6.279318249831932189e+04 2.352863197301512699e+01
6.279907689299993945e+04 2.371455970227246723e+01
6.296841866673431650e+04 2.320674903250949939e+01
6.301131367585471889e+04 2.348867313262276468e+01
6.302143587453944201e+04 2.401630151263775659e+01
6.302143927415169310e+04 2.367004287363096537e+01
6.303741515102326230e+04 2.421776558408691571e+01
6.303840914419948967e+04 2.340215977529254943e+01
6.303841878471239033e+04 2.363014025591063216e+01
6.306036974654589721e+04 2.364855965332647614e+01
6.307330146711151610e+04 2.392059851946471838e+01
6.309911923640926398e+04 2.391041328175168701e+01
6.311604290999462683e+04 2.387752681324357695e+01
6.311725070561104803e+04 2.362166708699033535e+01
6.311918747116850864e+04 2.419619441301626495e+01
6.312117945666520245e+04 2.344329041189474694e+01
6.312118082469752699e+04 2.350168862652785862e+01
6.312804117218897591e+04 2.403049834257687678e+01
6.314599858714506991e+04 2.394730057839238313e+01
6.315708860192306747e+04 2.421256086149039533e+01
6.317305406146958558e+04 2.433594794201452061e+01
6.336741047071834328e+04 2.416644135739021237e+01
6.341637941068525106e+04 2.372090702181300514e+01
6.341939323080261966e+04 2.285511009249661996e+01
6.342620985686459608e+04 2.466464885377435579e+01
6.346702350711774488e+04 2.224838421737062077e+01
6.346702485107273242e+04 2.220142252304766117e+01
6.347922388643599697e+04 2.413735785623927299e+01
6.348823512977010250e+04 2.414297662165550662e+01
6.350216788124721643e+04 2.432323770206646785e+01
6.352906748819728818e+04 2.435873859072064107e+01
6.352906794015209744e+04 2.434950619850992481e+01
6.353008744126251258e+04 2.367319383639276609e+01
6.368540085260921478e+04 2.369419935725679238e+01
6.368540979224666080e+04 2.362635841118236613e+01
6.371241505170785967e+04 2.346493832073669239e+01
6.371241550292693864e+04 2.330323482054986783e+01
6.371741423152346397e+04 2.407831497962458656e+01
6.372735963277769770e+04 2.392533359649527824e+01
6.372737231026853260e+04 2.381714297994957619e+01
6.372737323928398109e+04 2.385379335614583596e+01
6.374131001076412213e+04 2.381879396682911576e+01
6.374234163881111454e+04 2.402890880176089894e+01
6.376830345622374443e+04 2.399571734967748782e+01
6.376941133787766739e+04 2.419378423864434779e+01
6.377241156296899862e+04 2.394168915803868813e+01
6.377621416151381709e+04 2.379127794140642749e+01
6.379841546802135417e+04 2.356059533378844861e+01
6.379914784719366435e+04 2.380265272640648888e+01
6.380134061017296335e+04 2.399194358132493221e+01
6.382413940778886172e+04 2.391099938473542963e+01
6.383724551942812104e+04 2.418136047111113385e+01
6.384011704062468198e+04 2.418763963097451253e+01
6.385798310846869572e+04 2.292171571447657641e+01
