# JD   5-sigma-depth
6.024121257819532912e+04 2.359980944320547280e+01
6.025016686501071672e+04 2.397190459264567863e+01
6.025017744952171051e+04 2.395287000743629235e+01
6.026525578014449275e+04 2.453964375778925344e+01
6.028410390528296557e+04 2.457905933726981118e+01
6.028608100260957872e+04 2.416737758991764551e+01
6.028815386800138367e+04 2.439003204204148290e+01
6.029916666951243678e+04 2.384705420916624163e+01
6.032408169480037759e+04 2.408774363443299649e+01
6.034308968347452173e+04 2.411974588759099447e+01
6.037902940869589656e+04 2.384481534346548059e+01
6.038200106186103949e+04 2.334094571346886227e+01
6.060424960295542405e+04 2.372835827742907000e+01
6.061123577319472679e+04 2.412765455146168847e+01
6.064124154321454262e+04 2.440622346041861235e+01
6.064307590773495758e+04 2.415240538398487047e+01
6.064307636176979577e+04 2.417403263281597603e+01
6.064629046523370926e+04 2.409171190771642657e+01
6.065019884902048943e+04 2.412594322052250462e+01
6.066810029322413175e+04 2.423302450529524066e+01
6.067018499246071588e+04 2.418240152931976183e+01
6.067514904936458333e+04 2.414911640375659729e+01
6.069904258258087793e+04 2.421777101989632541e+01
6.070607460630832065e+04 2.379018351200567238e+01
6.073402735186270002e+04 2.390120024716301117e+01
6.073405183120886068e+04 2.356457829501337287e+01
6.100720571219184058e+04 2.433955844744859576e+01
6.100720617953590408e+04 2.433802641509426934e+01
6.103514353133970144e+04 2.419818575235654023e+01
6.103514399780546228e+04 2.428705404863157469e+01
6.131539168404000520e+04 2.347282855307646443e+01
6.132334947480472329e+04 2.421697655160116369e+01
6.132435682051471667e+04 2.455804894038219999e+01
6.132436238799004786e+04 2.448286987177169749e+01
6.132937534236964711e+04 2.384618011299487605e+01
6.133036545718582056e+04 2.353351803487109350e+01
6.134130477957605763e+04 2.271674511882954306e+01
6.134529692397196777e+04 2.423598500181545035e+01
6.135719528147768142e+04 2.422796449545051445e+01
6.135720081114945060e+04 2.431746303506882256e+01
6.135721064421715710e+04 2.436993057980662769e+01
6.135721622740425664e+04 2.444940643885349729e+01
6.135924978381682740e+04 2.442179044700445445e+01
6.136227620869215025e+04 2.394956770093265774e+01
6.137028794621655834e+04 2.354840807132312719e+01
6.137818383372575045e+04 2.441808147008180896e+01
6.137825734533533250e+04 2.435603878109883524e+01
6.138416537442740810e+04 2.412819883553305544e+01
6.138711573259719444e+04 2.425485070627414785e+01
6.138711711509348243e+04 2.422770956845953094e+01
6.140209439661888609e+04 2.419944820489866899e+01
6.140320384718110290e+04 2.382206598775122330e+01
6.141609886062522855e+04 2.445134690123634513e+01
6.141612363783703040e+04 2.401145427050427017e+01
6.143811428270072793e+04 2.427554898031844743e+01
6.143908462045161286e+04 2.440480003961910782e+01
6.144307139245670260e+04 2.375184848790745207e+01
6.144610817572598899e+04 2.387843719615764471e+01
6.146911017775764776e+04 2.392828291980034905e+01
6.147505415702303435e+04 2.372858529690097384e+01
6.147505506078604230e+04 2.364372011516484662e+01
6.168231874414270715e+04 2.425642337115080238e+01
6.174316639144046349e+04 2.438410985819285770e+01
6.174325696499132755e+04 2.408091316810245885e+01
6.203739992574212374e+04 2.395744776734731118e+01
6.204639323856960982e+04 2.287801074154283754e+01
6.204838764873823675e+04 2.328586586951938742e+01
6.205032278164892341e+04 2.329645489080974130e+01
6.206033645240808255e+04 2.420293102126522200e+01
6.206034557635804231e+04 2.399921576404440060e+01
6.207435194259254786e+04 2.388992122611156432e+01
6.207436980767111527e+04 2.356418599267326996e+01
6.208935122011092608e+04 2.379018943367157490e+01
6.208935904485808715e+04 2.352766104827694704e+01
6.209028867794798134e+04 2.397000086049184020e+01
6.209616572236298089e+04 2.417802130089762613e+01
6.211315462024596491e+04 2.419042210354202993e+01
6.211429196530394984e+04 2.317298821153647381e+01
6.211624297061824473e+04 2.362874724692107975e+01
6.211624658373776037e+04 2.378616772835414039e+01
6.211730829198700667e+04 2.375636158560094202e+01
6.212317388015955657e+04 2.390848416265077248e+01
6.215211876447666145e+04 2.406151276746440004e+01
6.215615691317016899e+04 2.372166394783830867e+01
6.217007964110071043e+04 2.411355936992673676e+01
6.217411975245454232e+04 2.383747400942720773e+01
6.217607243904051575e+04 2.414025206670996226e+01
6.217607288702260121e+04 2.409614780984704296e+01
6.217707777998512756e+04 2.394379958607444081e+01
6.217708007013051247e+04 2.393603318824933623e+01
6.217910464597082319e+04 2.387492976681163981e+01
6.218006761857632227e+04 2.421328198890848427e+01
6.218107157102117344e+04 2.418129412994149163e+01
6.218306630817264522e+04 2.349955763411000476e+01
6.218310440748669498e+04 2.364616285306309607e+01
6.218504555176535359e+04 2.408582861493155747e+01
6.221005808838896337e+04 2.366244554171470327e+01
6.248029605528325192e+04 2.370923917120771662e+01
6.249618384244951449e+04 2.353873606212350111e+01
6.249809912828462257e+04 2.402768778698237639e+01
6.250622893147062132e+04 2.372321405622842150e+01
6.251010420848369540e+04 2.411499457937927104e+01
6.277536071313241700e+04 2.372791997674400477e+01
6.277536116790930828e+04 2.371298678791015746e+01
6.277627205099961429e+04 2.352004088822171468e+01
6.277627249960923655e+04 2.348446519359196571e+01
6.278135131565258780e+04 2.379023622005663086e+01
6.278335378582897101e+04 2.336181512407135585e+01
6.279035399313150265e+04 2.290382833154468756e+01
6.279836913934015320e+04 2.357612417881430744e+01
6.279930770343269978e+04 2.413282234984446362e+01
6.282011693677016592e+04 2.370316524957929971e+01
6.282535891076103144e+04 2.293895610037071719e+01
6.282734976562803058e+04 2.352223079680529594e+01
6.283107817472899478e+04 2.391897352761014872e+01
6.283119231248049618e+04 2.427738149982028659e+01
6.283119277198630152e+04 2.429799993322964013e+01
6.283414571089341189e+04 2.423538895214196387e+01
6.283730866962275468e+04 2.421309963097090190e+01
6.283810442679259722e+04 2.397987863567862377e+01
6.285016880733303697e+04 2.387401635503907471e+01
6.285411441226252646e+04 2.365609780994194367e+01
6.286019377563872695e+04 2.375068907214382463e+01
6.286423358575102611e+04 2.358062279795851168e+01
6.286425928040559666e+04 2.355800998196575335e+01
6.288111788536866516e+04 2.397300013322629297e+01
6.288608543591095804e+04 2.437088678951929666e+01
6.288710207319053006e+04 2.377358611630188889e+01
6.288807426217483589e+04 2.436020942872802664e+01
6.289008183795306104e+04 2.402154576646962525e+01
6.289407899765673938e+04 2.389273258925054932e+01
6.291102960242835252e+04 2.386483657246981949e+01
6.291302580253108317e+04 2.394232395439550132e+01
6.312139393278397620e+04 2.391530916075944901e+01
6.312139440099131025e+04 2.392888275846715018e+01
6.312729954025587358e+04 2.378840954901842863e+01
6.312736633223816898e+04 2.450120711122087513e+01
6.314924496681509481e+04 2.407476942060861802e+01
6.315231973981685587e+04 2.367428711593859347e+01
6.315232115039620840e+04 2.370062643026261995e+01
6.315737906594068045e+04 2.364836002398646642e+01
6.318636031762486527e+04 2.337463379273131636e+01
6.320627101891706116e+04 2.348218312949085984e+01
6.320629224287306715e+04 2.349828173763194172e+01
6.321214650552996318e+04 2.367710996070801244e+01
6.321412809000850393e+04 2.417956955772437766e+01
6.323509439039898280e+04 2.449165993612849590e+01
6.324112537265523133e+04 2.432597997564167258e+01
6.326709817665162700e+04 2.401261309666105603e+01
6.329401425679632666e+04 2.357347228109848203e+01
6.330705576199437928e+04 2.357936224556797100e+01
6.349933399015966279e+04 2.378184386682459817e+01
6.349933445352142735e+04 2.381393483197934557e+01
6.351434865028787317e+04 2.403582962607101337e+01
6.351435457227243751e+04 2.392627398336549049e+01
6.353129066189398873e+04 2.384353703141776037e+01
6.353536464159230673e+04 2.315392083108708832e+01
6.353536508938201587e+04 2.346580338715795833e+01
6.354532495490617293e+04 2.360050775853019189e+01
6.355817660168797011e+04 2.355816633221007450e+01
6.356513659388960514e+04 2.448814503612670990e+01
6.356708386045366933e+04 2.381547550317795725e+01
6.356724859824848681e+04 2.430215213218066594e+01
6.357719261880221893e+04 2.377586174043678824e+01
6.357719308192184690e+04 2.380227973486778126e+01
6.358811739704162756e+04 2.438302904438494068e+01
6.358909414146139898e+04 2.440577634532663964e+01
6.358909460676459275e+04 2.436426482982925279e+01
6.359408850496152445e+04 2.430645484431037318e+01
6.359923388716612681e+04 2.376577254510004877e+01
6.359923433633599780e+04 2.378805588848461028e+01
6.362308983452129905e+04 2.434754293549653426e+01
6.362609230299822957e+04 2.434277368243389006e+01
6.362611354954694980e+04 2.441661786789985911e+01
6.365603584334564221e+04 2.390284574349814761e+01
6.383641105031655752e+04 2.451272816026529711e+01
6.383942194629993173e+04 2.331193972492280153e+01
6.385440838379519846e+04 2.294485126042598111e+01
6.385832980551811488e+04 2.308804221912856391e+01
6.386639181689078396e+04 2.354286801486946956e+01
6.386639368174694391e+04 2.351764899340635395e+01
